144619998.000000
1648296.000000
1270036.000000
1334826.000000
1135294.000000
1176930.000000
1080892.000000
1043332.000000
1372824.000000
1412676.000000
1391058.000000
1411252.000000
1418996.000000
1538222.000000
1433364.000000
1590314.000000
1690716.000000
1832222.000000
1928506.000000
1795050.000000
1845240.000000
1742860.000000
1879158.000000
2053928.000000
1945276.000000
1879962.000000
1875376.000000
1811512.000000
1878052.000000
1991530.000000
1989150.000000
2049360.000000
2175796.000000
2053166.000000
2106656.000000
2232510.000000
2245798.000000
2172302.000000
2136364.000000
2327774.000000
2431668.000000
2168964.000000
2273346.000000
2519392.000000
2284136.000000
2293462.000000
2469934.000000
2466032.000000
2437436.000000
2368590.000000
2400414.000000
2489948.000000
2465990.000000
2606974.000000
2461094.000000
2381696.000000
2647516.000000
2710738.000000
2503514.000000
2634776.000000
2642672.000000
2529340.000000
2858964.000000
2973072.000000
2764046.000000
2598774.000000
2541124.000000
2674714.000000
2956724.000000
2992896.000000
2799882.000000
2911540.000000
3070776.000000
3031672.000000
2911546.000000
2915580.000000
3433206.000000
3517634.000000
3204720.000000
3315808.000000
3495704.000000
3657016.000000
3627456.000000
3585434.000000
4699608.000000
6154030.000000
6194710.000000
7339028.000000
7396368.000000
8594022.000000
8896122.000000
8734724.000000
9539316.000000
8567412.000000
8472276.000000
8393992.000000
7856474.000000
8042346.000000
9573760.000000
8832512.000000
8429588.000000
9257918.000000
8300044.000000
8722756.000000
10752182.000000
9630644.000000
7951676.000000
9044780.000000
8538974.000000
8161752.000000
10562994.000000
9625106.000000
8748022.000000
9236224.000000
8869594.000000
9036106.000000
9038056.000000
8153508.000000
7749384.000000
8057546.000000
8072510.000000
8498904.000000
7680352.000000
7196534.000000
8675410.000000
7611864.000000
7030392.000000
8431002.000000
8266614.000000
8001126.000000
9096084.000000
8746710.000000
8357586.000000
9235166.000000
8254418.000000
8115494.000000
8476242.000000
7757998.000000
8193328.000000
8255540.000000
7774410.000000
8389548.000000
8410114.000000
8513916.000000
9586204.000000
9314888.000000
9657492.000000
9816842.000000
8918384.000000
9676432.000000
9909592.000000
9568148.000000
9671002.000000
9713392.000000
9823922.000000
10469650.000000
10566030.000000
10364828.000000
10906924.000000
10076038.000000
9142294.000000
10714692.000000
11063622.000000
11990198.000000
10655360.000000
8569748.000000
6699548.000000
2783932.000000
2491812.000000
2756474.000000
4065148.000000
3595186.000000
2822852.000000
2574004.000000
2515922.000000
2021568.000000
2330922.000000
2335846.000000
2227214.000000
2239574.000000
1869818.000000
1938334.000000
1644192.000000
1655440.000000
1651268.000000
1412552.000000
1464790.000000
1513376.000000
1327554.000000
1372518.000000
1470306.000000
1379058.000000
1471584.000000
1551228.000000
1398574.000000
1524070.000000
1513158.000000
1367768.000000
1379244.000000
1474410.000000
1395872.000000
1445936.000000
1553714.000000
1412856.000000
1410860.000000
1516550.000000
1468570.000000
1513964.000000
1558978.000000
1618760.000000
1813880.000000
1675790.000000
1826740.000000
1832160.000000
1671338.000000
1723726.000000
1716810.000000
1744362.000000
1681270.000000
1802666.000000
1771454.000000
1781840.000000
1804048.000000
1897494.000000
2018414.000000
1982704.000000
1994622.000000
1949576.000000
2116218.000000
1929498.000000
1919378.000000
2272432.000000
2237542.000000
2329446.000000
2436740.000000
2171130.000000
2038590.000000
2039020.000000
2200960.000000
2169170.000000
2179064.000000
2364412.000000
2194640.000000
2264512.000000
2499032.000000
2229376.000000
2246060.000000
2356154.000000
2126606.000000
2277144.000000
2439534.000000
2396542.000000
2284046.000000
2352950.000000
2455814.000000
2058296.000000
2022894.000000
2180280.000000
1917418.000000
1043624.000000
188034.000000
133408.000000
141574.000000
128626.000000
107688.000000
103570.000000
106590.000000
104388.000000
2202202.000000
7597300.000000
7566002.000000
7776608.000000
6456958.000000
4386038.000000
3184038.000000
599028.000000
235574.000000
180858.000000
128208.000000
143738.000000
0.000000
0.000000
0.000000
0.000000
43930.000000
360920.000000
413088.000000
375312.000000
367976.000000
379326.000000
306598.000000
348578.000000
349746.000000
365804.000000
328836.000000
314172.000000
280390.000000
283380.000000
191960.000000
193046.000000
170102.000000
150244.000000
107208.000000
78592.000000
53352.000000
22226.000000
0.000000
0.000000
0.000000
0.000000
0.000000
0.000000
0.000000
0.000000
0.000000
